C = [1.03263, 0.077859, -0.708165];
A = [0.707644, 0.000621, 0.706569];
H = [361.995, 454.692, 361.588];
V = [47.5826, 0.251849, 689.698];
O = [0.706118, 0.000198, 0.708094];
R = [5.0e-06, -0.014656, -0.007313];
E = [0.002169, 0.00136, 0.001698];
T = 3;
P = 0;
